%  Lindert-Williamson Cost-of-Living Index for Great Britain, 1790-1850 (1850=100)
%  Table 8 of Price section, British Historical Statistics, Brian R. Mitchell
%  These are Williamson's revised numbers. To make 1850 come out to 100, we need to
%  divide the whole series by 102.4.

1790  117.6
1791  114.4
1792  111.6
1793  120.6
1794  123.3
1795  146.3
1796  153.3
1797  133.2
1798  131.4
1799  149.4
1800  200.1
1801  209.2
1802  154.3
1803  150.3
1804  153.6
1805  177.5
1806  169.1
1807  161.2
1808  172.8
1809  196.6
1810  207.1
1811  196.0
1812  227.5
1813  221.9
1814  192.7
1815  164.3
1816  180.8
1817  186.7
1818  179.1
1819  166.6
1820  151.0
1821  138.2
1822  126.3
1823  134.0
1824  143.7
1825  151.1
1826  135.9
1827  131.9
1828  135.4
1829  138.8
1830  135.4
1831  136.6
1832  130.4
1833  122.5
1834  116.4
1835  109.4
1836  125.6
1837  129.2
1838  139.2
1839  143.6
1840  139.8
1841  134.9
1842  126.0
1843  113.0
1844  117.9
1845  115.2
1846  120.7
1847  141.4
1848  115.5
1849  105.0
1850  102.4
